   1  0.0
   2  1.4
   3  0.7
   4  3.8
   5  1.7
   6  5.2
   7  2.8
   8  4.0
   9  2.9
  10  3.7
  11 -3.2
  12  1.0
  13 -1.1
  14  3.2
  15 -3.9
  16 -0.5
  17 -2.8
  18  1.9
  19 -0.5
  20  0.5
  21  0.0
  22  1.4
  23  0.7
  24  3.8
  25  1.7
  26  5.4
  27  2.8
  28  4.0
  29  2.9
  30  3.7
  31 -3.2
  32  1.0
  33 -1.1
  34  3.2
  35 -4.1
  36 -0.5
  37 -2.8
  38  1.9
  39 -0.5
  40  0.5
  41  0.0
  42  1.4
  43  0.7
  44  3.8
  45  1.7
  46  5.6
  47  2.8
  48  4.0
  49  2.9
  50  3.7
  51 -3.2
  52  1.0
  53 -1.1
  54  3.2
  55 -4.3
  56 -0.5
  57 -2.8
  58  1.9
  59 -0.5
  60  0.5
  61  0.0
  62  1.4
  63  0.7
  64  3.8
  65  1.7
  66  5.8
  67  2.8
  68  4.0
  69  2.9
  70  3.7
  71 -3.2
  72  1.0
  73 -1.1
  74  3.2
  75 -4.5
  76 -0.5
  77 -2.8
  78  1.9
  79 -0.5
  80  0.5
  81  0.0
