         2         3     1    1.4000    0.7000
         4         5     2    3.8000    1.7000
         9        10     3    2.9000    3.7000
         7         8     4    2.8000    4.0000
        12        13     5    1.0000   -1.1000
        11        14     6   -3.2000    3.2000
        16        17     7   -0.5000   -2.8000
        20        21     8    0.5000    0.0000
        22        23     9    1.4000    0.7000
        18        19    10    1.9000   -0.5000
        24        25    11    3.8000    1.7000
        29        30    12    2.9000    3.7000
        27        28    13    2.8000    4.0000
        32        33    14    1.0000   -1.1000
        31        34    15   -3.2000    3.2000
        36        37    16   -0.5000   -2.8000
        40        41    17    0.5000    0.0000
        42        43    18    1.4000    0.7000
        38        39    19    1.9000   -0.5000
        44        45    20    3.8000    1.7000
        49        50    21    2.9000    3.7000
        47        48    22    2.8000    4.0000
        52        53    23    1.0000   -1.1000
        51        54    24   -3.2000    3.2000
        56        57    25   -0.5000   -2.8000
        60        61    26    0.5000    0.0000
        62        63    27    1.4000    0.7000
        58        59    28    1.9000   -0.5000
        64        65    29    3.8000    1.7000
        69        70    30    2.9000    3.7000
        67        68    31    2.8000    4.0000
        72        73    32    1.0000   -1.1000
        71        74    33   -3.2000    3.2000
        76        77    34   -0.5000   -2.8000
 
         1         6                               1    0.0000    5.2000
         6        15                               2    5.2000   -3.9000
        15        26                               3   -3.9000    5.4000
        26        35                               4    5.4000   -4.1000
        35        46                               5   -4.1000    5.6000
        46        55                               6    5.6000   -4.3000
        55        66                               7   -4.3000    5.8000
        66        75                               8    5.8000   -4.5000
        75        78                               9   -4.5000    1.9000
        78        79                              10    1.9000   -0.5000
        79        80                              11   -0.5000    0.5000
        80        81                              12    0.5000    0.0000
